-23.535110 -46.713299
-23.535500 -46.710899
-23.536051 -46.709572
-23.537069 -46.709358
-23.538330 -46.708241
-23.538731 -46.707378
-23.538879 -46.706478
-23.539671 -46.705372
-23.540140 -46.703819
-23.540581 -46.701889
-23.540850 -46.700169
-23.540890 -46.698460
-23.540649 -46.697300
-23.542070 -46.696400
-23.542580 -46.695621
-23.543449 -46.694511
-23.544470 -46.693562
-23.545650 -46.691631
-23.543249 -46.690220
-23.541010 -46.690430
-23.538410 -46.690948
-23.535660 -46.689190
-23.525471 -46.681721
-23.525980 -46.676781
-23.526100 -46.674171
-23.531759 -46.663521
-23.531719 -46.658932
-23.534241 -46.654381
-23.536131 -46.651119
-23.537069 -46.649231
-23.540730 -46.647640
-23.544670 -46.647861
-23.546080 -46.647770
-23.547380 -46.647430
-23.552219 -46.645882
-23.553440 -46.645409
-23.554541 -46.644249
-23.555880 -46.639099
-23.556431 -46.633781
-23.556190 -46.630260
-23.555719 -46.628029
-23.553440 -46.626659
-23.553440 -46.625629
-23.555170 -46.624001
-23.556511 -46.622021
-23.557369 -46.618851
-23.557920 -46.616440
-23.558950 -46.614639
-23.560280 -46.613270
-23.562410 -46.611900
-23.568069 -46.608891
-23.570589 -46.604599
-23.572870 -46.604172
-23.575781 -46.601601
-23.578930 -46.599789
-23.584360 -46.599449
-23.586090 -46.598591
-23.597179 -46.597301
-23.599770 -46.597301
-23.602449 -46.599880
-23.603939 -46.602879
-23.606621 -46.605541
-23.621639 -46.611900
-23.625181 -46.614990
-23.626360 -46.617134
-23.626911 -46.619453
-23.628168 -46.623573
-23.628641 -46.626408
-23.628956 -46.628380
-23.628950 -46.630089
-23.629660 -46.633438
-23.629030 -46.640820
-23.629339 -46.642239
-23.630211 -46.643570
-23.630720 -46.644600
-23.630560 -46.645672
-23.629820 -46.647732
-23.632210 -46.647259
-23.634569 -46.647339
-23.635241 -46.647900
-23.635599 -46.650051
-23.637800 -46.653141
-23.637760 -46.655499
-23.638430 -46.658031
-23.634970 -46.657902
-23.634689 -46.660519
-23.636740 -46.661381
-23.637951 -46.662449
-23.633591 -46.668968
-23.634890 -46.669140
-23.639610 -46.673569
-23.640200 -46.673779
-23.643070 -46.672409
-23.644239 -46.672581
-23.642000 -46.674549
-23.640751 -46.676270
-23.635559 -46.677990
-23.630449 -46.683910
-23.628010 -46.685539
-23.626431 -46.687260
-23.625330 -46.688801
-23.625330 -46.691891
-23.624941 -46.693691
-23.623600 -46.695919
-23.620770 -46.699100
-23.620220 -46.700642
-23.619360 -46.702278
-23.617941 -46.702702
-23.616449 -46.712399
-23.615271 -46.713520
-23.613689 -46.714031
-23.613970 -46.715019
-23.613501 -46.715710
-23.611891 -46.717419
-23.611410 -46.718281
-23.611219 -46.719830
-23.612080 -46.721241
-23.611450 -46.727852
-23.608030 -46.725620
-23.602131 -46.725021
-23.598280 -46.719959
-23.593250 -46.721241
-23.589861 -46.722359
-23.586519 -46.724930
-23.585070 -46.720860
-23.584480 -46.717682
-23.581570 -46.711971
-23.579281 -46.710560
-23.577709 -46.708408
-23.573700 -46.706310
-23.572321 -46.704681
-23.567440 -46.707851
-23.562090 -46.706310
-23.553909 -46.708710
-23.546040 -46.710770
-23.543051 -46.711460
-23.541830 -46.711849
-23.535110 -46.713299
